Episodes/10,Return
1,-70.50000000000037
2,-1100.4999999999934
3,-2161.699999999983
4,-3143.499999999976
5,-4501.899999999963
6,-6641.999999999958
7,-8653.599999999944
8,-11249.09999999995
9,-13805.199999999939
10,-16172.199999999943
11,-18321.99999999994
12,-20452.599999999922
13,-22315.899999999914
14,-25357.299999999912
15,-27378.999999999916
16,-30162.999999999924
17,-32531.19999999992
18,-35493.39999999992
19,-38514.599999999926
20,-42773.699999999946
21,-46557.599999999955
22,-48975.09999999997
23,-50164.79999999996
24,-52631.79999999995
25,-55821.69999999995
26,-59080.899999999965
27,-63013.29999999998
28,-67084.3
29,-70383.10000000002
30,-73374.80000000002
31,-74742.90000000001
32,-76427.79999999999
33,-78578.19999999998
34,-81055.29999999999
35,-84235.29999999999
