Episodes/10,Return
1,-15.0
2,-119.0
3,-127.0
4,-129.0
5,-134.0
6,-137.0
7,-143.0
8,-150.0
9,-157.0
10,-178.0
11,-195.0
12,-208.0
13,-220.0
14,-230.0
15,-237.0
16,-238.0
17,-246.0
18,-253.0
19,-259.0
20,-263.0
21,-269.0
22,-272.0
23,-275.0
24,-277.0
25,-283.0
26,-286.0
27,-293.0
28,-301.0
29,-304.0
30,-309.0
31,-313.0
32,-319.0
33,-330.0
34,-339.0
35,-338.0
36,-333.0
37,-331.0
38,-327.0
39,-318.0
40,-300.0
41,-287.0
42,-278.0
43,-272.0
44,-261.0
45,-257.0
46,-247.0
47,-230.0
48,-216.0
49,-205.0
50,-199.0
51,-192.0
52,-181.0
53,-173.0
54,-163.0
55,-159.0
56,-147.0
57,-133.0
58,-118.0
59,-106.0
60,-93.0
61,-79.0
62,-75.0
63,-64.0
64,-50.0
65,-42.0
66,-25.0
67,-19.0
68,-13.0
69,-11.0
70,-17.0
71,-24.0
72,-40.0
73,-35.0
74,-28.0
75,-20.0
76,-15.0
77,-9.0
78,-5.0
79,1.0
80,7.0
81,10.0
82,9.0
83,15.0
84,24.0
85,32.0
86,42.0
87,42.0
88,58.0
89,66.0
90,72.0
91,79.0
92,90.0
93,100.0
94,105.0
95,108.0
96,117.0
97,126.0
98,129.0
99,136.0
100,142.0
101,145.0
102,154.0
103,151.0
104,155.0
105,158.0
106,159.0
107,165.0
108,173.0
109,172.0
110,177.0
111,179.0
112,185.0
113,192.0
114,199.0
115,210.0
116,220.0
117,233.0
118,243.0
119,257.0
120,270.0
1,0.0
2,-4.0
3,-9.0
4,-18.0
5,-23.0
6,-26.0
7,-31.0
8,-35.0
9,-37.0
10,-47.0
11,-49.0
12,-55.0
13,-52.0
14,-52.0
15,-47.0
16,-44.0
17,-38.0
18,-31.0
19,-18.0
20,-9.0
21,-3.0
22,-1.0
23,12.0
24,23.0
25,26.0
26,34.0
27,45.0
28,48.0
29,48.0
30,52.0
31,58.0
32,61.0
33,67.0
34,67.0
35,72.0
36,74.0
37,79.0
38,84.0
39,85.0
40,81.0
41,87.0
42,92.0
43,99.0
44,108.0
45,106.0
46,113.0
47,118.0
48,114.0
49,116.0
50,109.0
51,120.0
52,122.0
53,131.0
54,139.0
55,139.0
56,140.0
57,143.0
58,151.0
59,156.0
60,156.0
61,156.0
62,156.0
63,167.0
64,180.0
65,187.0
66,192.0
67,193.0
68,200.0
69,206.0
70,207.0
71,212.0
72,214.0
73,216.0
74,222.0
75,230.0
76,232.0
77,236.0
78,236.0
79,234.0
80,236.0
81,240.0
82,248.0
83,251.0
84,256.0
85,262.0
86,266.0
87,275.0
88,280.0
89,282.0
90,272.0
91,275.0
92,286.0
93,294.0
94,293.0
95,289.0
96,292.0
97,299.0
98,302.0
99,310.0
100,322.0
101,331.0
102,333.0
103,335.0
104,336.0
105,322.0
106,314.0
107,317.0
108,323.0
109,329.0
110,333.0
111,332.0
112,332.0
113,335.0
114,343.0
115,346.0
116,348.0
117,354.0
118,361.0
119,367.0
120,377.0
1,0.0
2,-10.0
3,-16.0
4,-20.0
5,-21.0
6,-24.0
7,-30.0
8,-38.0
9,-41.0
10,-46.0
11,-51.0
12,-59.0
13,-65.0
14,-72.0
15,-74.0
16,-79.0
17,-83.0
18,-92.0
19,-99.0
20,-101.0
21,-106.0
22,-113.0
23,-113.0
24,-118.0
25,-115.0
26,-117.0
27,-122.0
28,-121.0
29,-116.0
30,-102.0
31,-93.0
32,-85.0
33,-84.0
34,-76.0
35,-75.0
36,-71.0
37,-66.0
38,-61.0
39,-61.0
40,-62.0
41,-58.0
42,-59.0
43,-61.0
44,-62.0
45,-59.0
46,-63.0
47,-69.0
48,-68.0
49,-69.0
50,-65.0
51,-59.0
52,-54.0
53,-53.0
54,-51.0
55,-52.0
56,-49.0
57,-52.0
58,-50.0
59,-51.0
60,-53.0
61,-56.0
62,-56.0
63,-55.0
64,-54.0
65,-57.0
66,-53.0
67,-43.0
68,-47.0
69,-47.0
70,-41.0
71,-45.0
72,-43.0
73,-40.0
74,-44.0
75,-40.0
76,-41.0
77,-42.0
78,-44.0
79,-41.0
80,-43.0
81,-42.0
82,-48.0
83,-49.0
84,-50.0
85,-46.0
86,-46.0
87,-44.0
88,-44.0
89,-47.0
90,-47.0
91,-44.0
92,-42.0
93,-40.0
94,-37.0
95,-38.0
96,-33.0
97,-34.0
98,-28.0
99,-24.0
100,-19.0
101,-12.0
102,-6.0
103,-7.0
104,-2.0
105,5.0
106,4.0
107,2.0
108,-5.0
109,4.0
110,6.0
111,8.0
112,9.0
113,18.0
114,25.0
115,39.0
116,43.0
117,42.0
118,46.0
119,49.0
120,58.0
1,-3.0
2,-9.0
3,-16.0
4,-22.0
5,-27.0
6,-24.0
7,-31.0
8,-34.0
9,-49.0
10,-52.0
11,-54.0
12,-55.0
13,-49.0
14,-46.0
15,-42.0
16,-40.0
17,-44.0
18,-41.0
19,-35.0
20,-29.0
21,-17.0
22,-7.0
23,1.0
24,15.0
25,33.0
26,54.0
27,60.0
28,67.0
29,71.0
30,77.0
31,82.0
32,89.0
33,102.0
34,106.0
35,111.0
36,112.0
37,117.0
38,126.0
39,139.0
40,146.0
41,154.0
42,151.0
43,156.0
44,160.0
45,153.0
46,161.0
47,164.0
48,169.0
49,175.0
50,183.0
51,189.0
52,189.0
53,193.0
54,200.0
55,207.0
56,213.0
57,222.0
58,223.0
59,228.0
60,232.0
61,231.0
62,241.0
63,246.0
64,249.0
65,257.0
66,261.0
67,268.0
68,276.0
69,287.0
70,293.0
71,302.0
72,311.0
73,319.0
74,322.0
75,331.0
76,339.0
77,342.0
78,350.0
79,356.0
80,356.0
81,360.0
82,361.0
83,369.0
84,373.0
85,378.0
86,376.0
87,379.0
88,383.0
89,389.0
90,396.0
91,401.0
92,402.0
93,406.0
94,410.0
95,418.0
96,426.0
97,432.0
98,438.0
99,441.0
100,442.0
101,435.0
102,427.0
103,408.0
104,400.0
105,368.0
106,363.0
107,364.0
108,354.0
109,354.0
110,352.0
111,351.0
112,356.0
113,359.0
114,355.0
115,353.0
116,356.0
117,357.0
118,362.0
119,366.0
120,369.0
1,-1.0
2,-8.0
3,-13.0
4,-18.0
5,-25.0
6,-29.0
7,-37.0
8,-39.0
9,-48.0
10,-57.0
11,-63.0
12,-71.0
13,-76.0
14,-73.0
15,-71.0
16,-52.0
17,-51.0
18,-48.0
19,-46.0
20,-30.0
21,-23.0
22,-22.0
23,-17.0
24,-12.0
25,-5.0
26,-5.0
27,-1.0
28,-1.0
29,2.0
30,4.0
31,8.0
32,14.0
33,20.0
34,19.0
35,23.0
36,32.0
37,38.0
38,41.0
39,48.0
40,51.0
41,58.0
42,60.0
43,61.0
44,68.0
45,68.0
46,74.0
47,75.0
48,78.0
49,82.0
50,80.0
51,81.0
52,80.0
53,83.0
54,92.0
55,101.0
56,112.0
57,120.0
58,128.0
59,134.0
60,138.0
61,143.0
62,153.0
63,163.0
64,174.0
65,189.0
66,199.0
67,206.0
68,216.0
69,213.0
70,208.0
71,198.0
72,199.0
73,201.0
74,208.0
75,214.0
76,225.0
77,236.0
78,245.0
79,250.0
80,254.0
81,260.0
82,267.0
83,265.0
84,268.0
85,266.0
86,264.0
87,268.0
88,272.0
89,275.0
90,279.0
91,289.0
92,296.0
93,303.0
94,313.0
95,314.0
96,321.0
97,327.0
98,324.0
99,328.0
100,342.0
101,353.0
102,363.0
103,375.0
104,386.0
105,392.0
106,393.0
107,394.0
108,383.0
109,379.0
110,381.0
111,381.0
112,397.0
113,408.0
114,413.0
115,406.0
116,403.0
117,401.0
118,402.0
119,389.0
120,380.0
